3 0.628653 0.220643 0.094968 0.069298
2 0.729302 0.217755 0.080357 0.063523
3 0.942776 0.881138 0.065747 0.131377
3 0.655844 0.624881 0.102273 0.072185
3 0.652192 0.729549 0.098214 0.059192
3 0.42086 0.625602 0.081981 0.056305
3 0.422078 0.730993 0.090909 0.067854
3 0.426948 0.828443 0.11039 0.072185
3 0.190747 0.617662 0.077922 0.06641
3 0.193588 0.730271 0.088474 0.057748
3 0.220373 0.830609 0.138799 0.062079
9 0.113231 0.026586 0.226461 0.053172
14 0.916695 0.016721 0.030646 0.033442
15 0.941998 0.016721 0.028959 0.033442
13 0.975877 0.016721 0.047796 0.033442
12 0.5 0.027308 1.0 0.054616
5 0.472403 0.084213 0.761364 0.056305
27 0.99026 0.55847 0.01948 0.785376
5 0.522321 0.362848 0.791396 0.096728
3 0.871254 0.220532 0.029928 0.048162
3 0.909733 0.219265 0.029928 0.050697
3 0.956407 0.219899 0.037767 0.062104
3 0.833131 0.2218 0.029216 0.050697
3 0.795364 0.218631 0.033491 0.04943
3 0.019614 0.082069 0.02859 0.043757
3 0.049784 0.083532 0.028092 0.043196
3 0.083112 0.08263 0.026596 0.041391
3 0.875997 0.087065 0.026596 0.041391
3 0.912151 0.088026 0.0374 0.04627
3 0.948471 0.087659 0.03391 0.05257
3 0.98021 0.086372 0.023623 0.052361
3 0.839761 0.085026 0.025266 0.042574
3 0.811503 0.085617 0.027261 0.043757
3 0.035572 0.138243 0.063165 0.04967
3 0.127327 0.138243 0.115027 0.044939
3 0.245678 0.134163 0.116356 0.046004
3 0.375665 0.134104 0.134309 0.046122
3 0.50266 0.136469 0.110372 0.048487
3 0.63863 0.136841 0.149601 0.051596
3 0.115359 0.086208 0.021941 0.040209
3 0.030003 0.21703 0.060005 0.102968
3 0.028879 0.311 0.057757 0.080975
3 0.02916 0.393475 0.058319 0.083974
3 0.028879 0.479948 0.057757 0.082974
3 0.029722 0.562922 0.059443 0.084974
3 0.029722 0.646396 0.059443 0.079975
3 0.02916 0.723872 0.058319 0.070978
3 0.02916 0.812344 0.058319 0.077976
3 0.02916 0.894819 0.058319 0.052983
3 0.246347 0.027908 0.026786 0.051973
25 0.164773 0.935277 0.329545 0.03898
20 0.218085 0.5272 0.140957 0.066226
28 0.092432 0.218447 0.062773 0.048544
