5 0.478896 0.081722 0.756494 0.054068
13 0.975839 0.018094 0.048321 0.033584
15 0.942793 0.017758 0.030626 0.032912
14 0.917461 0.018094 0.033651 0.033585
12 0.500366 0.027344 0.999268 0.052083
3 0.538067 0.232422 0.120059 0.082031
2 0.666545 0.233073 0.104685 0.083333
20 0.165081 0.34375 0.06369 0.046875
2 0.1541 0.828125 0.060761 0.078125
5 0.365666 0.344802 0.30276 0.057748
9 0.116032 0.027344 0.229136 0.052083
3 0.669839 0.354167 0.09224 0.080729
3 0.757687 0.354818 0.098097 0.082031
26 0.659322 0.940104 0.65793 0.041667
3 0.928977 0.829165 0.085227 0.140039
3 0.845601 0.231452 0.032779 0.061784
3 0.892631 0.231185 0.04133 0.059089
3 0.949282 0.235215 0.049168 0.075742
3 0.798571 0.229844 0.031354 0.057474
3 0.753322 0.229837 0.037767 0.058555
8 0.530997 0.604563 0.901413 0.352345
3 0.926835 0.352345 0.078384 0.07858
3 0.019614 0.082069 0.02859 0.043757
3 0.049784 0.083532 0.028092 0.043196
3 0.083112 0.08263 0.026596 0.041391
3 0.875997 0.087065 0.026596 0.041391
3 0.912151 0.088026 0.0374 0.04627
3 0.948471 0.087659 0.03391 0.05257
3 0.98021 0.086372 0.023623 0.052361
3 0.839761 0.085026 0.025266 0.042574
3 0.811503 0.085617 0.027261 0.043757
3 0.035572 0.138243 0.063165 0.04967
3 0.127327 0.138243 0.115027 0.044939
3 0.245678 0.134163 0.116356 0.046004
3 0.375665 0.134104 0.134309 0.046122
3 0.50266 0.136469 0.110372 0.048487
3 0.63863 0.136841 0.149601 0.051596
3 0.115359 0.086208 0.021941 0.040209
3 0.037213 0.229684 0.074426 0.12956
3 0.036314 0.349647 0.072627 0.110366
3 0.036314 0.451215 0.072627 0.092771
3 0.037213 0.56478 0.074426 0.099169
3 0.037663 0.66075 0.075325 0.079975
3 0.036314 0.760719 0.072627 0.071978
3 0.036763 0.858288 0.073526 0.081575
3 0.246347 0.025504 0.028409 0.051007
25 0.163961 0.938165 0.327922 0.037536
1 0.120712 0.347809 0.025048 0.038756
1 0.113657 0.613792 0.020125 0.038041
1 0.113657 0.71732 0.020125 0.039216
20 0.219347 0.723039 0.099216 0.044118
20 0.205567 0.624183 0.067982 0.026144
27 0.992167 0.546224 0.015666 0.779948
20 0.145808 0.492201 0.076003 0.065858
20 0.28612 0.494801 0.062361 0.060659
20 0.4201 0.492201 0.090619 0.062392
20 0.53995 0.494801 0.115953 0.064125
20 0.674904 0.495667 0.107183 0.065858
20 0.776241 0.491334 0.076003 0.060659
20 0.861013 0.487868 0.077952 0.053726
28 0.187046 0.234628 0.117358 0.067961
