14 0.917065 0.016511 0.031898 0.033022
15 0.942152 0.016511 0.029572 0.033022
13 0.975545 0.017102 0.047847 0.034203
12 0.5 0.02803 1.0 0.05606
5 0.475244 0.081325 0.760552 0.044755
3 0.555601 0.234358 0.116071 0.070742
3 0.943588 0.826278 0.070617 0.131377
3 0.870942 0.907125 0.095779 0.062079
3 0.960633 0.910013 0.078734 0.056305
2 0.575893 0.581569 0.286526 0.060636
2 0.574675 0.678298 0.282468 0.06641
2 0.679383 0.233636 0.105519 0.07796
3 0.283279 0.910013 0.092532 0.053417
5 0.714286 0.429258 0.571428 0.200675
26 0.5 0.941774 1.0 0.02743
3 0.859821 0.231452 0.025673 0.061784
3 0.908294 0.231185 0.033221 0.059089
3 0.963719 0.235215 0.046208 0.075742
3 0.813759 0.229844 0.027182 0.057474
3 0.766861 0.228771 0.036342 0.064639
3 0.019614 0.082069 0.02859 0.043757
3 0.049784 0.083532 0.028092 0.043196
3 0.083112 0.08263 0.026596 0.041391
3 0.875997 0.087065 0.026596 0.041391
3 0.912151 0.088026 0.0374 0.04627
3 0.948471 0.087659 0.03391 0.05257
3 0.98021 0.086372 0.023623 0.052361
3 0.839761 0.085026 0.025266 0.042574
3 0.811503 0.085617 0.027261 0.043757
3 0.035572 0.138243 0.063165 0.04967
3 0.127327 0.138243 0.115027 0.044939
3 0.245678 0.134163 0.116356 0.046004
3 0.375665 0.134104 0.134309 0.046122
3 0.50266 0.136469 0.110372 0.048487
3 0.63863 0.136841 0.149601 0.051596
3 0.115359 0.086208 0.021941 0.040209
3 0.037213 0.228884 0.074426 0.12796
3 0.036314 0.354445 0.072627 0.119963
3 0.036314 0.460012 0.072627 0.084774
3 0.036314 0.548785 0.072627 0.092771
3 0.036314 0.652752 0.072627 0.108766
3 0.036763 0.759119 0.073526 0.100769
3 0.036763 0.858288 0.073526 0.087973
9 0.114042 0.027186 0.228084 0.05053
3 0.24513 0.026947 0.032468 0.053894
20 0.27151 0.370788 0.086851 0.051973
20 0.263393 0.588066 0.078734 0.044755
20 0.262987 0.672523 0.077922 0.057748
1 0.158126 0.900391 0.019034 0.029948
28 0.125638 0.234628 0.098253 0.07767
