2 0.744143 0.215495 0.08858 0.076823
3 0.644217 0.214844 0.102489 0.075521
9 0.118912 0.02466 0.213474 0.044033
3 0.95414 0.877529 0.073864 0.125602
14 0.917763 0.01696 0.031642 0.03392
15 0.942513 0.01696 0.029135 0.03392
13 0.975564 0.017478 0.048246 0.034
12 0.5 0.025504 1.0 0.051007
5 0.477679 0.086378 0.762175 0.056305
3 0.884793 0.223067 0.032779 0.053232
3 0.926123 0.217997 0.032779 0.053232
3 0.972084 0.219899 0.039192 0.069708
3 0.81296 0.221689 0.028779 0.055988
3 0.849877 0.222433 0.029928 0.059569
3 0.019614 0.082069 0.02859 0.043757
3 0.049784 0.083532 0.028092 0.043196
3 0.083112 0.08263 0.026596 0.041391
3 0.875997 0.087065 0.026596 0.041391
3 0.912151 0.088026 0.0374 0.04627
3 0.948471 0.087659 0.03391 0.05257
3 0.98021 0.086372 0.023623 0.052361
3 0.839761 0.085026 0.025266 0.042574
3 0.811503 0.085617 0.027261 0.043757
3 0.034819 0.138356 0.064671 0.049897
3 0.127327 0.138243 0.115027 0.044939
3 0.245678 0.134163 0.116356 0.046004
3 0.375665 0.134104 0.134309 0.046122
3 0.50266 0.136469 0.110372 0.048487
3 0.63863 0.136841 0.149601 0.051596
3 0.115359 0.086208 0.021941 0.040209
3 0.030013 0.216088 0.056857 0.108766
3 0.02915 0.316013 0.0583 0.092543
3 0.02915 0.4017 0.0583 0.074263
3 0.029792 0.480533 0.059584 0.083403
3 0.02915 0.559937 0.0583 0.07312
3 0.029471 0.642197 0.058942 0.089115
3 0.029471 0.721029 0.058942 0.06398
3 0.029471 0.809002 0.058942 0.06855
3 0.030114 0.892976 0.060227 0.058268
3 0.248377 0.027186 0.032468 0.047642
25 0.164773 0.938887 0.329545 0.037536
28 0.092887 0.216828 0.061863 0.05178
